list(n=18648)
