list(n=2000)
