list(n=1221)
