list(n=1238)
