list(n=1193)
