list(n=1230)
