list(n=1251)
