list(n=1226)
