list(n=2021)
