list(n=1208)
