list(n=2014)
