list(n=1259)
