list(n=2022)
