list(n=203564)
